104517360
52197990
10218849
71269689
18918242
30859594
106867702
101305462
84241136
23932862
106139051
72306493
55952610
90183649
63200471
64988827
96631768
32804313
49929351
32691080
107265690
26875277
54912967
108836736
54584237
30015765
43291917
71752534
66761516
28048692
49990096
61278877
70246683
50208945
22548566
79164925
71068540
19416269
70470387
45309676
33349132
66609439
107616170
79301743
46793089
60816642
34290570
33424857
83620955
74219922
56115937
80886646
91095200
101028905
79723382
35679437
21044671
13015300
97431972
77806188
31063993
37422068
29085065
91310676
77631014
41633632
60475602
38699554
51049902
20945989
74009231
74399035
77555429
71625401
43700778
14348518
22442043
67991348
37773376
96062999
32211271
83889314
66949646
13306471
74918220
36673028
38985909
85962891
39688329
26417881
53769079
60752322
53839949
72854145
42062999
21470963
104487777
92538601
50170518
45537680
103484591
14179750
109936715
71040021
75805151
43637493
75388540
88247195
101628842
103161916
74310195
23840113
77051231
31259841
27146584
41969452
57932870
56132494
17932343
87621199
72550375
61701423
38373521
16390324
24555568
70436520
27861288
19043346
52975122
68031807
54581026
46459713
72211557
54517742
107499734
38016709
88155235
72888274
16263904
79784077
66050191
80574100
93624191
33101423
101833941
10770776
65070875
49766811
56903270
73003219
27388010
19453645
24704642
55761532
25843970
39260211
16198053
43705259
48303558
59173175
101737067
92884585
95632889
63948625
37402326
93132623
91965334
15557562
56020898
98229239
85341640
12071089
68803339
68965831
35172512
60637281
69736608
90243388
100404092
16639878
53246607
17792102
26093523
67951249
63553635
41937494
97211461
69751688
75642754
35515019
18924864
67379821
18399604
104557753
21328446
45801931
87690377
103293781
51359494
33711275
91523020
26701134
35782365
50326360
85666966
60954878
100963641
45403574
41198266
91367733
52043452
84444873
99159836
68136976
42396123
52713471
100074471
29607585
12465160
65717225
55122605
21390024
23097047
63522209
15947777
34425493
99324141
93638154
27719274
40683635
17349429
109242295
57384770
43131795
49568655
33051736
94086673
40532296
68455311
25284939
21900030
10498764
99729813
11059866
68635741
32125937
53773337
58710212
51733522
56238498
14427438
96856127
67628522
27524485
50378337
73576299
