104517360
52197990
10218849
71269689
18918242
30859594
106867702
101305462
84241136
23932862
106139051
72306493
55952610
90183649
63200471
64988827
96631768
32804313
49929351
32691080
107265690
26875277
54912967
108836736
54584237
30015765
43291917
71752534
66761516
28048692
49990096
61278877
70246683
50208945
22548566
79164925
71068540
19416269
70470387
45309676
33349132
66609439
107616170
79301743
46793089
60816642
34290570
33424857
83620955
74219922
56115937
80886646
91095200
101028905
79723382
35679437
21044671
13015300
97431972
77806188
31063993
37422068
29085065
91310676
77631014
41633632
60475602
38699554
51049902
20945989
74009231
74399035
77555429
71625401
43700778
14348518
22442043
67991348
37773376
96062999
32211271
83889314
66949646
13306471
74918220
36673028
38985909
85962891
39688329
26417881
53769079
60752322
53839949
72854145
42062999
21470963
104487777
92538601
50170518
45537680
103484591
14179750
109936715
71040021
75805151
43637493
75388540
88247195
101628842
103161916
74310195
23840113
77051231
31259841
27146584
41969452
57932870
56132494
17932343
87621199
72550375
61701423
38373521
16390324
24555568
70436520
27861288
19043346
52975122
68031807
54581026
46459713
72211557
54517742
107499734
38016709
88155235
72888274
16263904
79784077
66050191
80574100
93624191
33101423
101833941
10770776
65070875
49766811
56903270
73003219
27388010
19453645
24704642
55761532
25843970
39260211
16198053
43705259
48303558
59173175
101737067
92884585
95632889
63948625
37402326
93132623
91965334
15557562
56020898
98229239
85341640
12071089
68803339
68965831
35172512
60637281
69736608
90243388
100404092
16639878
53246607
17792102
26093523
67951249
63553635
41937494
97211461
69751688
75642754
35515019
18924864
67379821
18399604
104557753
21328446
45801931
87690377
103293781
51359494
33711275
91523020
26701134
35782365
50326360
85666966
60954878
100963641
45403574
41198266
91367733
52043452
84444873
99159836
68136976
42396123
52713471
100074471
29607585
12465160
65717225
55122605
21390024
23097047
63522209
15947777
34425493
99324141
93638154
27719274
40683635
17349429
109242295
57384770
43131795
49568655
33051736
94086673
40532296
68455311
25284939
21900030
10498764
99729813
11059866
68635741
32125937
53773337
58710212
51733522
56238498
14427438
96856127
67628522
27524485
50378337
73576299
51949979
39702479
57214453
69669254
70386115
64563883
68911549
17770885
97695678
108480204
40822622
81782352
39012501
99277933
97067292
50912531
99776698
86797105
51972397
58412439
108923043
95745736
107122651
50656565
41984234
11550089
37512693
99612756
29074575
77891030
63189055
71024554
107593509
10403509
30693808
67979624
64967393
89605358
75750510
52663072
88085563
106573133
24445424
17098064
95851066
11512716
58010596
85627765
88309822
99982994
34040204
87232865
85728730
31162855
27889431
17712964
32712945
55402124
107325720
51787521
23293155
60514776
12812075
20886665
60918286
33505884
78866290
15885679
13111243
44616800
58548751
91196806
41189933
72994175
98294871
27041000
74506892
46305467
102668765
52816714
36288461
26708969
30049580
12017191
47871825
47939011
19730156
70584771
93341136
17055876
12372292
106634292
67570653
15184368
17520957
18488939
38690253
86387248
24374618
41801496
21004049
72923370
22998302
52193983
35917546
11293173
69234983
100424438
47598641
61903749
43241153
73887102
78612719
63290733
75904294
16484545
101229745
85634451
77069316
84570881
92690328
79441609
81205173
50260981
84625977
88726131
58749920
13316231
65113379
73124539
45117727
76117428
36047910
58116030
18311411
61965456
59409204
77546395
52389895
97007845
29450145
85631049
60894948
98062864
38921783
26799242
104547409
30151529
102433694
71616726
104722411
85124022
41058335
75927585
25385003
15684313
54653716
74134924
19000545
109767096
37259464
54118272
75884524
63307375
102234303
84195936
15272832
51643507
51742332
57662727
38651352
71192477
33293777
89546300
59255341
62215561
106345543
53802751
82367090
98779238
15419478
77089501
73903260
46477814
43017086
89288264
52162127
87670803
53423189
61162673
87437899
80682653
105280945
53322424
33990028
97515249
27518361
39262860
39158756
69260693
86925588
67810109
30453170
10219366
47356409
79708512
62434927
43701953
23511264
34802017
32481191
28930742
101891519
96384451
65408556
34908606
75672716
107570684
12579409
19095905
58733357
90017309
89778558
54014303
33339734
13768587
41529552
50858095
43031448
70688309
10118789
19957036
28498418
30571960
20176403
65854828
100280472
72611330
99556782
13791737
97413348
22037973
32722479
89304867
108422425
88131036
14213474
74095141
85701721
16792883
83191047
34435078
96810193
62969605
78449382
20149927
66738193
109978935
61008023
99769641
70667245
61126812
109726678
89165663
81698772
19903081
45020492
71979245
82514412
34577274
75770982
69927760
46615248
98493461
49232628
45037673
76624498
53446102
109132815
52326219
60238986
82323862
76761298
47049179
35293468
45210681
57199107
92031661
45189616
108207130
81801303
105856862
59333942
81527982
85022525
31032714
91431063
20043018
93011959
63945476
44620292
58782942
23873237
81235540
47276403
63105865
16273214
13900902
106551968
15406029
56227121
56790954
87729892
22988419
93840134
13023361
58199100
41039241
95055022
93388717
39246371
66856326
89245579
88580314
38384308
64268105
109613028
19815372
74311123
92624988
73760848
108931416
41407931
87634085
80166956
78684334
40739951
86440171
82585236
37291919
91846200
28812358
84082874
69576093
41800777
67923008
72599454
89999878
98962250
57654477
73388595
28208621
14510803
52634174
106788935
42895112
106902280
106401964
52710484
71213403
89026953
16471332
70144819
20434884
94105417
40311776
89119219
24845369
16751947
61704456
52137288
98598148
80516814
26220162
58174241
12317592
84143171
20773696
92317470
73105421
68428173
55706065
91314042
72938977
98340240
88102978
105834089
95242521
84504942
48544573
56455924
63531896
55015906
16600744
73966780
39121324
46912520
53085999
53966693
53664468
104790456
96103981
42262616
75307270
12324144
90436858
77624862
86467315
101210554
59942333
49572736
59638728
105648398
30886779
22577705
93988639
108989757
18411794
79231160
83494700
56956368
25687085
37026596
101972274
32287829
100993377
31093598
69200350
44079376
75060292
12864818
38869832
61164273
45127434
104177103
63488418
25564292
71801966
39955733
16774847
21744299
79528470
66413575
17392698
100415249
78991280
101381337
99405007
87403075
70612498
72899707
34359444
86299583
99926303
26331718
108587413
90919680
47425317
67787763
24999057
12485609
70652582
53868890
63649883
105780017
48045994
17138301
21344309
109847960
47094035
28119156
21592259
16622505
84532732
28984957
107037754
53524012
20366295
96442762
30927088
80978793
59342469
55286532
57278377
49268773
71618251
55865790
30188454
109043568
13653554
45187512
11529178
74306137
89056402
65179062
70086154
27102397
72317364
81430464
26950357
109411399
99549621
38542617
16033904
74082353
57527575
13071659
17606365
67893870
99514421
38533453
38872664
48856891
83819986
86151042
88125665
45438237
32016833
108314119
44481806
35670388
43501631
46010984
99976525
22558034
101190047
60062679
39660431
63507411
31493143
56610789
62918811
21042765
85153406
68952716
85125118
32680982
72024375
92731484
90574853
61538797
21264938
19447517
100395689
95084924
95598560
78521354
30523161
17615393
76835473
65004967
43285781
10337105
101015952
33262307
22895139
92205999
83324987
52555571
45713411
104818130
99166361
98632222
15860896
74319768
57584938
90986014
97000750
19609314
73717498
77575603
71148112
84982436
87023121
61543801
70067361
72621681
30065155
90590522
80237075
96900629
45595490
13522857
97237734
36611443
36785164
10132874
18817442
10110151
52688446
54530854
104928282
41854807
43163076
10789178
106174575
90748015
91775193
93175326
100357330
55492691
60750929
61505442
30475128
37774051
13049243
90542490
100395733
33114399
71133013
70632809
20015029
106728503
74155666
107252763
33339946
100940831
107385638
42157389
101050983
50074084
86688243
95979265
81928892
19851320
96768444
78103468
100599336
78543637
61278794
90956666
24036329
12029724
42462108
44511458
39803776
45511352
25053948
30199509
68625752
86186961
90832318
78640781
82915465
54987985
75893545
106255411
45928816
73279183
38412801
36979799
13353268
15101045
22959065
85282161
24952365
109727510
53385629
15551701
78271147
104664424
96508368
92307477
106694148
28970477
26818935
36497924
64481829
41872884
56697434
23107582
18059845
37529752
91748363
90975310
82517737
57641908
87230722
18446554
20921092
15643523
45426354
24274361
20744568
58385419
99556522
35696934
58112930
42942152
41248636
26384078
37606576
27757005
108691555
34300724
46727482
25510491
60798649
101209311
57383375
107496083
14316893
65443221
35025835
96065257
46418532
107543573
43707166
23649254
15990128
54628259
29292778
51416482
68902620
40037347
99801902
58459142
65734282
47914832
91401294
96982918
64298910
19007871
14739923
62990466
43308595
51467406
78500957
94107245
42676717
25884333
91603328
46993611
81327554
16629164
33058869
17746087
14172737
66766035
31395341
20162865
11394294
50688120
61579348
70296915
80725468
51381250
18756057
36459750
89296083
100157352
23442669
43594994
109165223
28182593
96585460
42473819
69649999
65086418
26581064
102326717
80970752
108184392
39320329
52298306
14813556
62379198
60044393
18986294
19145234
81439735
29149160
20539529
22127856
80728508
80836444
92853324
22109759
89592502
19313074
101405842
79749854
32755744
35000836
78915078
50938337
21586297
11388898
10588337
76672715
27969962
102915054
47643467
26154355
32235384
89941774
30967912
84614582
39986168
39954207
93759817
11425904
59103368
104299346
23553760
29831876
75135790
106407084
41941636
54728292
15720159
33347478
24478147
38475904
58348314
93393225
79414241
69934612
94782124
80002579
36607327
12752087
72917634
74250795
28906443
95153018
54192569
49874355
69767601
84178738
79828563
53527418
85604642
28931931
47826764
99158402
48763808
12962555
95565487
80705444
57690847
101285647
104052922
72168995
29761551
52401237
55562221
99175793
12335849
40344345
69178372
38943177
43096432
32096006
103193972
62002875
17249024
47386542
101877231
77016626
21565280
71705795
20544044
97169922
90637726
58370809
86328324
29401534
61333365
71893812
100106978
109024212
63179459
94159901
71193208
82941010
36561139
16755429
72116803
38896989
47099774
31295176
67840166
80196207
53391182
61034138
32199082
60640207
98420680
24076314
27656833
109985960
85782109
38200878
97155883
66419835
86571687
73484207
85821370
37905052
35378020
75928349
36929265
88557479
60088251
98122473
61498489
86649390
104877902
23615293
15546379
41977677
44910469
73386545
12173884
88301652
24420684
34372966
38941859
12841365
48449281
56598693
12827326
24231390
84799571
99983209
80651226
61371259
63467417
56472596
89276312
88845437
22400946
16205577
67402916
72489197
104328051
18901406
49138587
99205954
32516699
54684967
31183631
67427169
18071513
33357515
45728821
32492197
57730482
74670680
35333563
96179763
21269374
38160889
10411154
96068945
28144099
81062380
47440205
81611516
27534977
26716517
60456953
39935924
32922095
17859870
102425121
27250146
26761276
41563709
16456101
49277976
86248677
37639732
106705145
94320190
60997248
42433966
16812388
108727730
107104647
42145951
94907494
18374021
70306841
95318649
104442967
88450940
66381030
41883172
60062456
83916007
58599690
10519410
13851932
81521785
18379280
106277053
98771932
35140556
37840763
105228033
74418533
14089440
32867765
71123678
98409630
83865013
103557645
105222018
82592744
100662293
37367970
67500238
109036314
97674811
52818888
103479282
76125751
109199918
35362455
26188208
83115926
83962145
26707618
86967858
55483930
35086898
83244911
44255862
60227455
11085675
39483895
24645988
15175115
62351661
85769666
103584746
36216674
79327312
98806765
108809419
69989605
26174735
66309658
69025920
13849547
109128546
62505202
79975298
108328464
87867657
96163507
81444390
61829803
12871125
58412248
107313733
37958023
31657160
41569596
88185479
32742835
71053492
102831467
37917951
23405153
78601134
31502697
49621828
47928446
20309462
48431247
107918051
36484197
104740905
66943971
40333744
103869452
19449174
10309043
102197916
97316832
96472550
73642306
49146635
99343676
22054555
46460369
27301699
43711715
78029965
105487179
66454551
39083458
98318646
94372502
52488611
66919780
15875199
92110440
104848227
26184661
30541687
102766278
52668859
25282593
59710250
83002604
19152045
69159424
83311647
11349962
56476257
69784198
74992269
95622892
59127874
87046824
32083261
76429574
20758540
100113227
71916753
77213092
29196686
60235399
61585594
71685297
17155180
67460794
53795738
12003407
83645456
74337425
104769686
26314316
89620019
54479937
99316920
98772065
13639361
72628568
100122027
60115618
32412766
65114297
45738511
81540641
42161121
67821773
47970215
52919662
57935001
109886969
20132754
77131687
60122368
71718349
38816985
67277549
29179143
82612723
69280957
102824600
46950149
64050643
19138916
26570168
108530580
108455836
15342234
12169942
71084404
105464262
62285561
93497171
60578559
98024073
65037812
92739681
55845846
103008028
35659343
103780847
102894997
45792098
70912535
53017366
107510447
99729520
10294915
26689591
72342243
69575872
19514191
109292392
23626516
28653107
25862561
22157097
27108944
31204795
24327040
88193349
26669057
76612602
71690520
77247617
64636675
26728333
59987298
10482521
19736361
85646641
104263369
12631358
21438739
65175904
55648724
18949187
54905424
55943640
35638778
17247667
15519513
45152969
16540060
29146029
63806077
32402622
41303127
80915021
53607418
55630168
59108370
70276476
22242770
20798891
37524093
76879445
37527224
87511391
77361966
47263585
63158033
71625335
49894944
74596772
26801239
95543669
83545960
71706664
41487309
109184738
78954332
47006822
44337708
85494392
66152852
98143786
107897015
97455980
69058807
51504433
43086148
18167178
11780909
55328918
28966069
39305003
22208363
56493294
16816394
89570330
93756880
69974427
51195665
33651824
34571200
67996905
19195493
108117160
29703569
50682803
107301899
98657901
87689626
41639608
74152294
43842478
29783394
72049309
31298458
88842202
13553742
64384607
97009380
15334652
109713525
15975450
44639655
21921889
62468744
51456050
101492219
46225625
11430478
42687885
69877449
36001678
100684790
79072943
34118839
20388359
19755747
31420739
109046260
97445373
63060347
73198554
31287852
82843741
35247864
52586311
61685943
38801607
106970918
48695324
44136259
106684444
54670774
78775915
18606333
107139519
20231965
10098553
43365144
21662443
42786438
103242594
47664122
33471228
72315538
71782962
43859588
82071285
93203702
42905849
69516659
46264049
106104404
90804511
19107791
31352268
33390822
70793735
60153875
30361740
109489060
94290135
27046185
54159835
63066050
35652518
51299355
73298016
35751071
84664500
84960460
68537510
77907094
22624583
92008738
40222633
84407545
25868327
12293919
67611248
58774176
71810578
103875298
54878580
52615089
12983089
76230849
76005912
73776825
26384724
96367653
73265885
10674859
13413838
17425720
63740910
39066357
58725076
27038926
64817429
33389576
101999387
23354939
101296670
14623970
105363678
31519304
89031516
21232005
33813223
46642764
70006182
95623802
40518062
14884763
38238892
43501152
81115612
104244804
107277977
97500336
90612457
70543863
98175196
94026296
77969584
51916106
23092653
26694660
68955033
77910083
50084236
60954420
91265022
41380907
65578390
86628701
62900211
44609907
97860707
86713435
81252671
57866889
72337237
11770733
62751652
100576130
45271886
33867264
94820934
42549863
21367601
75433392
103093727
109542798
59459689
71063311
51458904
72552342
87757972
10413938
40462426
27842208
61368359
21727448
59223116
16946749
98356150
12123328
51556657
86216857
88836764
22809328
34083747
51174002
24580062
86835400
41750132
59851948
10702664
26571066
92401812
22070266
92004459
85495539
21613064
41464148
46558851
63071969
104016491
24316823
63485907
34478917
42159032
14854266
46206366
91382148
21801016
34562516
93505477
63357673
10779374
72342241
76167002
34863121
13516243
90747064
11698521
45266375
40599013
12401186
61837442
23000825
24471453
43841902
98496365
36084517
75306050
35055216
89156486
69322542
49372040
42642393
93801460
81531072
47496660
30007826
62913221
59297676
54570343
46418699
12655350
55349718
108760940
78822352
80212840
12277183
59569417
81911362
47543559
90168431
84312548
99381002
103169257
98784001
33222904
91665622
24868519
98528955
16720839
104025005
57851497
56092879
36667399
41652957
27623952
74164060
61660784
80537174
23461736
106231127
16955873
26117087
51580845
15716813
94939440
21793685
17993997
44508858
93705048
55537557
24677289
68017596
44918559
17846546
56801598
68141463
99512168
71670117
56670418
106233008
65695123
104521915
52325887
92362523
36174873
69949840
56526583
87835657
40487014
69988320
84066785
47442888
86105407
25647631
53159701
71044847
37441317
61153699
105553705
21146365
106691256
20230995
79163962
41609815
28077541
25965560
99751278
17589710
87635678
46421697
13822718
43330802
40943613
56148605
25693325
67118486
16098446
72219908
44954144
46585460
32208228
19020929
84028348
108313636
34668560
27188050
69358484
62109878
78341750
64912190
73256243
75033006
75143185
42420205
106642822
93220726
58385766
96394100
100810436
36021445
32815797
104633154
69352247
63759410
50781760
85045573
20877897
56880206
47265481
55832041
93465667
69473710
64852970
67494016
67787347
89521531
84682066
27145831
41631409
53023816
82058021
104887653
18056823
47201206
37307858
14699645
30421932
85693624
101093745
21232369
11715069
23909543
15865524
71067317
77668954
56647284
46112890
88546851
103527491
83378372
34378893
86993158
42852082
89231864
44487174
100639429
68753396
19169241
17785261
100384805
62193058
89843282
95272459
70249881
27044488
22580317
74949526
47466421
98273942
66043272
58698791
99989011
79952816
64564315
61056329
47621770
11211599
97169219
26168622
104739090
70547591
50547515
81732249
103399674
29779380
16219423
94039104
88532776
25388665
101824365
78917582
77581723
81667647
64190041
37831604
98712136
76770358
102781130
36178558
65044300
58824403
84877349
55033312
28777219
39441664
106089641
66398990
40653264
93258861
82567612
35392355
53806452
23115128
107124604
47206126
42894509
13344028
31245230
21427285
28732693
23069596
90344867
96314416
94737243
44534909
24146020
83449380
11305267
16927151
109627939
66349568
65751554
84505288
11382881
84528774
13946953
107472523
40927764
44600218
90731384
13495377
69992573
34537836
26610505
67117178
71743963
59505014
70461206
92989194
70932300
89193900
106058790
51277168
75508316
90796034
85812077
89654337
64245415
87117345
96581489
63873354
43466913
