104517360
52197990
10218849
71269689
18918242
30859594
106867702
101305462
84241136
23932862
106139051
72306493
55952610
90183649
63200471
64988827
96631768
32804313
49929351
32691080
107265690
26875277
54912967
108836736
54584237
30015765
43291917
71752534
66761516
28048692
49990096
61278877
70246683
50208945
22548566
79164925
71068540
19416269
70470387
45309676
33349132
66609439
107616170
79301743
46793089
60816642
34290570
33424857
83620955
74219922
56115937
80886646
91095200
101028905
79723382
35679437
21044671
13015300
97431972
77806188
31063993
37422068
29085065
91310676
77631014
41633632
60475602
38699554
51049902
20945989
74009231
74399035
77555429
71625401
43700778
14348518
22442043
67991348
37773376
96062999
32211271
83889314
66949646
13306471
74918220
36673028
38985909
85962891
39688329
26417881
53769079
60752322
53839949
72854145
42062999
21470963
104487777
92538601
50170518
45537680
103484591
14179750
109936715
71040021
75805151
43637493
75388540
88247195
101628842
103161916
74310195
23840113
77051231
31259841
27146584
41969452
57932870
56132494
17932343
87621199
72550375
61701423
38373521
16390324
24555568
70436520
27861288
19043346
