104517360
52197990
10218849
71269689
18918242
30859594
106867702
101305462
84241136
23932862
106139051
72306493
55952610
90183649
63200471
64988827
96631768
32804313
49929351
32691080
107265690
26875277
54912967
108836736
54584237
30015765
43291917
71752534
66761516
28048692
49990096
61278877
70246683
50208945
22548566
79164925
71068540
19416269
70470387
45309676
33349132
66609439
107616170
79301743
46793089
60816642
34290570
33424857
83620955
74219922
56115937
80886646
91095200
101028905
79723382
35679437
21044671
13015300
97431972
77806188
31063993
37422068
29085065
91310676
77631014
41633632
60475602
38699554
51049902
20945989
74009231
74399035
77555429
71625401
43700778
14348518
22442043
67991348
37773376
96062999
32211271
83889314
66949646
13306471
74918220
36673028
38985909
85962891
39688329
26417881
53769079
60752322
53839949
72854145
42062999
21470963
104487777
92538601
50170518
45537680
103484591
14179750
109936715
71040021
75805151
43637493
75388540
88247195
101628842
103161916
74310195
23840113
77051231
31259841
27146584
41969452
57932870
56132494
17932343
87621199
72550375
61701423
38373521
16390324
24555568
70436520
27861288
19043346
52975122
68031807
54581026
46459713
72211557
54517742
107499734
38016709
88155235
72888274
16263904
79784077
66050191
80574100
93624191
33101423
101833941
10770776
65070875
49766811
56903270
73003219
27388010
19453645
24704642
55761532
25843970
39260211
16198053
43705259
48303558
59173175
101737067
92884585
95632889
63948625
37402326
93132623
91965334
15557562
56020898
98229239
85341640
12071089
68803339
68965831
35172512
60637281
69736608
90243388
100404092
16639878
53246607
17792102
26093523
67951249
63553635
41937494
97211461
69751688
75642754
35515019
18924864
67379821
18399604
104557753
21328446
45801931
87690377
103293781
51359494
33711275
91523020
26701134
35782365
50326360
85666966
60954878
100963641
45403574
41198266
91367733
52043452
84444873
99159836
68136976
42396123
52713471
100074471
29607585
12465160
65717225
55122605
21390024
23097047
63522209
15947777
34425493
99324141
93638154
27719274
40683635
17349429
109242295
57384770
43131795
49568655
33051736
94086673
40532296
68455311
25284939
21900030
10498764
99729813
11059866
68635741
32125937
53773337
58710212
51733522
56238498
14427438
96856127
67628522
27524485
50378337
73576299
51949979
39702479
57214453
69669254
70386115
64563883
68911549
17770885
97695678
108480204
40822622
81782352
39012501
99277933
97067292
50912531
99776698
86797105
51972397
58412439
108923043
95745736
107122651
50656565
41984234
11550089
37512693
99612756
29074575
77891030
63189055
71024554
107593509
10403509
30693808
67979624
64967393
89605358
75750510
52663072
88085563
106573133
24445424
17098064
95851066
11512716
58010596
85627765
88309822
99982994
34040204
87232865
85728730
31162855
27889431
17712964
32712945
55402124
107325720
51787521
23293155
60514776
12812075
20886665
60918286
33505884
78866290
15885679
13111243
44616800
58548751
91196806
41189933
72994175
98294871
27041000
74506892
46305467
102668765
52816714
36288461
26708969
30049580
12017191
47871825
47939011
19730156
70584771
93341136
17055876
12372292
106634292
67570653
15184368
17520957
18488939
38690253
86387248
24374618
41801496
21004049
72923370
22998302
52193983
35917546
11293173
69234983
100424438
47598641
61903749
43241153
73887102
78612719
63290733
75904294
16484545
101229745
85634451
77069316
84570881
92690328
79441609
81205173
50260981
84625977
88726131
58749920
13316231
65113379
73124539
45117727
76117428
36047910
58116030
18311411
61965456
59409204
77546395
52389895
97007845
29450145
85631049
60894948
98062864
38921783
26799242
104547409
30151529
102433694
71616726
104722411
85124022
41058335
75927585
25385003
15684313
54653716
74134924
19000545
109767096
37259464
54118272
75884524
63307375
102234303
84195936
15272832
51643507
51742332
57662727
38651352
71192477
33293777
89546300
59255341
62215561
106345543
53802751
82367090
98779238
15419478
77089501
73903260
46477814
43017086
89288264
52162127
87670803
53423189
61162673
87437899
80682653
105280945
53322424
33990028
97515249
27518361
39262860
39158756
69260693
86925588
67810109
30453170
10219366
47356409
79708512
62434927
43701953
23511264
34802017
32481191
28930742
101891519
96384451
65408556
34908606
75672716
107570684
12579409
19095905
58733357
90017309
89778558
54014303
33339734
13768587
41529552
50858095
43031448
70688309
10118789
19957036
28498418
30571960
20176403
65854828
100280472
72611330
99556782
13791737
97413348
22037973
32722479
89304867
108422425
88131036
14213474
74095141
85701721
16792883
83191047
34435078
96810193
62969605
78449382
20149927
66738193
109978935
61008023
99769641
70667245
61126812
109726678
89165663
81698772
19903081
45020492
71979245
82514412
34577274
75770982
69927760
46615248
98493461
49232628
45037673
76624498
53446102
109132815
52326219
60238986
82323862
76761298
47049179
35293468
45210681
57199107
92031661
45189616
108207130
81801303
105856862
59333942
81527982
85022525
31032714
91431063
20043018
93011959
63945476
44620292
58782942
23873237
81235540
47276403
63105865
16273214
13900902
106551968
15406029
56227121
56790954
87729892
22988419
93840134
13023361
58199100
41039241
95055022
93388717
39246371
66856326
89245579
88580314
38384308
64268105
109613028
19815372
74311123
92624988
73760848
108931416
41407931
87634085
80166956
78684334
40739951
86440171
82585236
37291919
91846200
28812358
84082874
69576093
41800777
67923008
72599454
89999878
98962250
57654477
73388595
28208621
14510803
52634174
106788935
42895112
106902280
106401964
52710484
71213403
89026953
16471332
70144819
20434884
94105417
40311776
89119219
24845369
16751947
61704456
52137288
98598148
80516814
26220162
58174241
12317592
84143171
20773696
92317470
73105421
68428173
55706065
91314042
72938977
98340240
88102978
105834089
95242521
84504942
48544573
56455924
63531896
55015906
16600744
73966780
39121324
46912520
53085999
53966693
53664468
104790456
96103981
42262616
75307270
12324144
90436858
77624862
86467315
101210554
59942333
49572736
59638728
105648398
30886779
22577705
93988639
108989757
18411794
79231160
83494700
56956368
25687085
37026596
101972274
32287829
100993377
31093598
69200350
44079376
75060292
12864818
38869832
61164273
45127434
104177103
63488418
25564292
71801966
39955733
16774847
21744299
79528470
66413575
17392698
100415249
78991280
101381337
99405007
87403075
70612498
72899707
34359444
86299583
99926303
26331718
108587413
90919680
47425317
67787763
24999057
12485609
70652582
53868890
63649883
105780017
48045994
17138301
21344309
109847960
47094035
28119156
21592259
16622505
84532732
28984957
107037754
53524012
20366295
96442762
30927088
80978793
59342469
55286532
57278377
49268773
71618251
55865790
30188454
109043568
13653554
45187512
11529178
74306137
89056402
65179062
70086154
27102397
72317364
81430464
26950357
109411399
99549621
38542617
16033904
74082353
57527575
13071659
17606365
67893870
99514421
38533453
38872664
48856891
83819986
86151042
88125665
45438237
32016833
108314119
44481806
35670388
43501631
46010984
99976525
22558034
101190047
60062679
39660431
63507411
31493143
56610789
62918811
21042765
85153406
68952716
85125118
32680982
72024375
92731484
90574853
61538797
21264938
19447517
100395689
95084924
95598560
78521354
30523161
17615393
76835473
65004967
43285781
10337105
101015952
33262307
22895139
92205999
83324987
52555571
45713411
104818130
99166361
98632222
15860896
74319768
57584938
90986014
97000750
19609314
73717498
77575603
71148112
84982436
87023121
61543801
70067361
72621681
30065155
90590522
80237075
96900629
45595490
13522857
97237734
36611443
36785164
10132874
18817442
10110151
52688446
54530854
104928282
41854807
43163076
10789178
106174575
90748015
91775193
93175326
100357330
55492691
60750929
61505442
30475128
37774051
13049243
90542490
100395733
33114399
71133013
70632809
20015029
106728503
74155666
107252763
33339946
100940831
107385638
42157389
101050983
50074084
86688243
95979265
81928892
19851320
96768444
78103468
100599336
78543637
61278794
90956666
24036329
12029724
42462108
44511458
39803776
45511352
25053948
30199509
68625752
86186961
90832318
78640781
82915465
54987985
75893545
106255411
45928816
73279183
38412801
36979799
13353268
15101045
22959065
85282161
24952365
109727510
53385629
15551701
78271147
104664424
96508368
92307477
106694148
28970477
26818935
36497924
64481829
41872884
56697434
23107582
18059845
37529752
91748363
90975310
82517737
57641908
87230722
18446554
20921092
15643523
45426354
24274361
20744568
58385419
99556522
35696934
58112930
42942152
41248636
26384078
37606576
27757005
108691555
34300724
46727482
25510491
60798649
101209311
57383375
107496083
14316893
65443221
35025835
96065257
46418532
107543573
43707166
23649254
15990128
54628259
29292778
51416482
68902620
40037347
99801902
58459142
65734282
47914832
91401294
96982918
64298910
19007871
14739923
62990466
43308595
51467406
78500957
94107245
42676717
25884333
91603328
46993611
81327554
16629164
33058869
17746087
14172737
66766035
31395341
20162865
11394294
50688120
61579348
70296915
80725468
51381250
18756057
36459750
89296083
100157352
23442669
43594994
109165223
28182593
96585460
42473819
69649999
65086418
26581064
102326717
80970752
108184392
39320329
52298306
14813556
62379198
60044393
18986294
19145234
81439735
29149160
20539529
22127856
80728508
80836444
92853324
22109759
89592502
19313074
101405842
79749854
32755744
35000836
78915078
50938337
21586297
11388898
10588337
76672715
27969962
102915054
47643467
26154355
32235384
89941774
30967912
84614582
39986168
39954207
93759817
11425904
59103368
104299346
23553760
29831876
75135790
106407084
41941636
54728292
15720159
33347478
24478147
38475904
58348314
93393225
79414241
69934612
94782124
80002579
36607327
12752087
72917634
74250795
28906443
95153018
54192569
49874355
69767601
84178738
79828563
53527418
85604642
28931931
47826764
99158402
48763808
12962555
95565487
80705444
57690847
101285647
104052922
72168995
29761551
52401237
55562221
99175793
12335849
40344345
69178372
38943177
43096432
32096006
103193972
62002875
17249024
47386542
101877231
77016626
21565280
71705795
20544044
97169922
90637726
58370809
86328324
29401534
61333365
71893812
100106978
109024212
63179459
94159901
71193208
82941010
36561139
16755429
72116803
38896989
47099774
31295176
67840166
80196207
53391182
61034138
32199082
60640207
98420680
24076314
27656833
109985960
85782109
38200878
97155883
66419835
86571687
73484207
85821370
37905052
35378020
75928349
36929265
88557479
60088251
98122473
61498489
86649390
104877902
23615293
15546379
41977677
44910469
73386545
12173884
88301652
24420684
34372966
38941859
12841365
48449281
56598693
12827326
24231390
84799571
99983209
80651226
61371259
63467417
56472596
89276312
88845437
22400946
16205577
67402916
72489197
104328051
18901406
49138587
99205954
32516699
54684967
31183631
67427169
18071513
33357515
45728821
32492197
57730482
74670680
35333563
96179763
21269374
38160889
10411154
96068945
28144099
81062380
47440205
81611516
27534977
26716517
60456953
39935924
32922095
17859870
102425121
27250146
26761276
41563709
16456101
49277976
86248677
37639732
106705145
94320190
60997248
42433966
16812388
108727730
107104647
42145951
94907494
18374021
70306841
95318649
104442967
88450940
66381030
41883172
60062456
83916007
58599690
10519410
13851932
81521785
18379280
106277053
98771932
35140556
37840763
105228033
74418533
14089440
32867765
71123678
98409630
83865013
103557645
105222018
82592744
100662293
37367970
67500238
109036314
97674811
52818888
103479282
76125751
109199918
35362455
26188208
83115926
83962145
26707618
86967858
55483930
35086898
83244911
44255862
60227455
11085675
39483895
24645988
15175115
62351661
85769666
103584746
36216674
79327312
98806765
108809419
69989605
26174735
66309658
69025920
13849547
109128546
62505202
79975298
108328464
87867657
96163507
81444390
61829803
12871125
58412248
107313733
37958023
31657160
41569596
88185479
32742835
71053492
102831467
37917951
23405153
78601134
31502697
49621828
47928446
20309462
48431247
107918051
36484197
104740905
66943971
40333744
103869452
19449174
10309043
102197916
97316832
96472550
73642306
49146635
99343676
22054555
46460369
27301699
43711715
78029965
105487179
66454551
39083458
98318646
94372502
52488611
66919780
15875199
92110440
104848227
26184661
30541687
102766278
52668859
25282593
59710250
83002604
19152045
69159424
83311647
11349962
56476257
69784198
74992269
95622892
59127874
87046824
32083261
76429574
20758540
100113227
71916753
77213092
29196686
60235399
61585594
71685297
17155180
67460794
53795738
12003407
83645456
74337425
104769686
26314316
89620019
54479937
99316920
98772065
13639361
72628568
100122027
60115618
32412766
65114297
45738511
81540641
42161121
67821773
47970215
52919662
57935001
109886969
20132754
77131687
60122368
71718349
38816985
67277549
29179143
82612723
69280957
102824600
46950149
64050643
19138916
26570168
108530580
108455836
15342234
12169942
71084404
105464262
62285561
93497171
60578559
98024073
65037812
92739681
55845846
103008028
35659343
103780847
102894997
45792098
70912535
53017366
107510447
99729520
10294915
26689591
72342243
69575872
19514191
109292392
23626516
28653107
25862561
22157097
27108944
31204795
24327040
88193349
26669057
76612602
71690520
77247617
64636675
26728333
59987298
10482521
19736361
85646641
104263369
12631358
21438739
65175904
55648724
18949187
54905424
55943640
35638778
17247667
15519513
45152969
16540060
29146029
63806077
32402622
41303127
80915021
53607418
55630168
59108370
70276476
22242770
20798891
37524093
76879445
37527224
87511391
77361966
47263585
63158033
71625335
49894944
74596772
26801239
95543669
83545960
71706664
41487309
109184738
78954332
47006822
44337708
85494392
66152852
98143786
107897015
97455980
69058807
51504433
43086148
18167178
11780909
55328918
28966069
39305003
22208363
56493294
16816394
89570330
93756880
69974427
51195665
33651824
34571200
67996905
19195493
108117160
29703569
50682803
107301899
98657901
87689626
41639608
74152294
43842478
29783394
72049309
31298458
88842202
13553742
64384607
97009380
15334652
109713525
15975450
44639655
21921889
62468744
51456050
101492219
46225625
11430478
42687885
69877449
36001678
100684790
79072943
34118839
20388359
19755747
31420739
109046260
97445373
63060347
73198554
31287852
82843741
35247864
52586311
61685943
38801607
106970918
48695324
44136259
106684444
54670774
78775915
18606333
107139519
20231965
10098553
43365144
21662443
42786438
103242594
47664122
33471228
72315538
71782962
43859588
82071285
93203702
42905849
69516659
46264049
106104404
90804511
19107791
31352268
33390822
70793735
60153875
30361740
109489060
94290135
27046185
54159835
63066050
35652518
51299355
73298016
35751071
84664500
84960460
68537510
77907094
22624583
92008738
40222633
84407545
25868327
12293919
67611248
58774176
71810578
103875298
54878580
52615089
12983089
76230849
76005912
73776825
26384724
96367653
73265885
10674859
13413838
17425720
63740910
39066357
58725076
27038926
64817429
33389576
101999387
23354939
101296670
14623970
105363678
31519304
89031516
21232005
33813223
46642764
70006182
95623802
40518062
14884763
38238892
43501152
81115612
104244804
107277977
97500336
90612457
70543863
98175196
94026296
77969584
51916106
23092653
26694660
68955033
77910083
50084236
60954420
91265022
41380907
65578390
86628701
62900211
44609907
97860707
86713435
81252671
57866889
72337237
11770733
62751652
100576130
45271886
33867264
94820934
42549863
21367601
75433392
103093727
109542798
59459689
71063311
51458904
72552342
87757972
10413938
40462426
27842208
61368359
21727448
59223116
16946749
98356150
12123328
51556657
86216857
88836764
22809328
34083747
51174002
24580062
86835400
41750132
59851948
10702664
26571066
92401812
22070266
92004459
85495539
21613064
41464148
46558851
63071969
104016491
24316823
63485907
34478917
42159032
14854266
46206366
91382148
21801016
34562516
93505477
63357673
10779374
72342241
76167002
34863121
13516243
90747064
11698521
45266375
40599013
12401186
61837442
23000825
24471453
43841902
98496365
36084517
75306050
35055216
89156486
69322542
49372040
42642393
93801460
81531072
47496660
30007826
62913221
59297676
54570343
46418699
12655350
55349718
108760940
78822352
80212840
12277183
59569417
81911362
47543559
90168431
84312548
99381002
103169257
98784001
33222904
91665622
24868519
98528955
16720839
104025005
57851497
56092879
36667399
41652957
27623952
74164060
61660784
80537174
23461736
106231127
16955873
26117087
51580845
15716813
94939440
21793685
17993997
44508858
93705048
55537557
24677289
68017596
44918559
17846546
56801598
68141463
99512168
71670117
56670418
106233008
65695123
104521915
52325887
92362523
36174873
69949840
56526583
87835657
40487014
69988320
84066785
47442888
86105407
25647631
53159701
71044847
37441317
61153699
105553705
21146365
106691256
20230995
79163962
41609815
28077541
25965560
99751278
17589710
87635678
46421697
13822718
43330802
40943613
56148605
25693325
67118486
16098446
72219908
44954144
46585460
32208228
19020929
84028348
108313636
34668560
27188050
69358484
62109878
78341750
64912190
73256243
75033006
75143185
42420205
106642822
93220726
58385766
96394100
100810436
36021445
32815797
104633154
69352247
63759410
50781760
85045573
20877897
56880206
47265481
55832041
93465667
69473710
64852970
67494016
67787347
89521531
84682066
27145831
41631409
53023816
82058021
104887653
18056823
47201206
37307858
14699645
30421932
85693624
101093745
21232369
11715069
23909543
15865524
71067317
77668954
56647284
46112890
88546851
103527491
83378372
34378893
86993158
42852082
89231864
44487174
100639429
68753396
19169241
17785261
100384805
62193058
89843282
95272459
70249881
27044488
22580317
74949526
47466421
98273942
66043272
58698791
99989011
79952816
64564315
61056329
47621770
11211599
97169219
26168622
104739090
70547591
50547515
81732249
103399674
29779380
16219423
94039104
88532776
25388665
101824365
78917582
77581723
81667647
64190041
37831604
98712136
76770358
102781130
36178558
65044300
58824403
84877349
55033312
28777219
39441664
106089641
66398990
40653264
93258861
82567612
35392355
53806452
23115128
107124604
47206126
42894509
13344028
31245230
21427285
28732693
23069596
90344867
96314416
94737243
44534909
24146020
83449380
11305267
16927151
109627939
66349568
65751554
84505288
11382881
84528774
13946953
107472523
40927764
44600218
90731384
13495377
69992573
34537836
26610505
67117178
71743963
59505014
70461206
92989194
70932300
89193900
106058790
51277168
75508316
90796034
85812077
89654337
64245415
87117345
96581489
63873354
43466913
52333043
38378643
44849795
26861817
42325596
42322318
57789582
76925815
23053702
61284959
36918388
47591539
77895465
94035567
109335503
27400480
54496774
92324697
88332780
33690674
88383488
29609948
99198991
69179522
105422026
78853328
23424937
82539371
65434817
77298292
16006284
107767861
105676935
50856080
24629679
38002532
83178398
72419261
104928347
96232101
23704221
31846735
33823641
91599686
15882303
33159144
109000167
60379077
15483842
87332947
84069752
93867330
106942896
73268743
53046853
102364922
42122071
66471791
74904293
97556889
33770084
80910578
95324751
29447019
21766658
109954431
57449551
94945057
72373692
52377898
81177158
86077914
74224634
105000800
67677601
80106937
28159944
66677768
30486015
33643787
44010715
104555767
17511118
40953612
67824510
60557972
33318535
99946582
17029763
98222829
87503472
40799847
69133407
72828223
60246867
80900066
72782654
107696418
65845123
35156347
50074316
37022282
11234262
14298951
32023082
68911863
84405888
50183027
25589631
104891904
73826814
59600347
99447671
81337933
90553960
57272182
31895905
13872495
47218765
38925669
102095324
24722237
69725516
61228732
87550461
19972383
32128798
50333116
17668802
87973922
75489464
57743119
14996204
76723726
62042070
37019287
35635589
36447959
77202314
51225221
31339863
41029129
100825568
20787535
12367062
81379528
68059717
34262968
85252024
105278482
63188637
77347348
20000720
22914154
28576081
97551181
32886538
50704880
37884298
40555340
28678802
103373762
88298459
33675007
70097489
40340529
60694294
95733078
66788488
27896609
36958300
88128352
58925739
27783868
98915887
61292802
99163397
56975605
85555770
74415421
52254087
38744408
41762770
62254808
51658562
60338852
49805989
74545100
101043732
77690288
105100440
19722535
71064050
83398899
43397542
31161539
13739429
94091837
16894618
70527918
11988447
43852918
48656270
60914187
61636787
37572157
12206989
50800184
84547763
87762760
15215606
26801850
16507168
46978377
79056659
58165730
97317229
18862649
22710830
88360962
86552937
17811271
98083497
47616987
91210171
31481039
68778527
94949600
15572877
75673146
55477518
17561325
109526064
94133789
68475512
61162852
21705947
70682501
101963037
96253710
48445262
107178643
13055561
54952430
44157021
82112220
103118161
31474250
90974869
15828992
109835212
67527806
23640263
97918709
105144794
104850434
19399749
63923321
89800035
24972627
29596468
35277553
32533952
29122532
19411343
91009465
80285384
31117290
51691966
72248421
17371000
90137229
69427065
20426561
35089660
103584086
92538782
28207821
25058337
73513651
34036813
24893549
31041457
47677077
12812259
26186252
42527511
22212009
80109574
22327546
37184636
99706042
47605100
59718589
18828574
57016443
40728054
89113959
78133734
82420021
51362381
85504734
62557250
10789446
95931296
87646911
104373533
78470078
105854732
19431870
41983729
29891546
34325419
63025187
67568623
37137679
79211439
100096135
49349688
49321014
12423682
76534325
39027056
50028783
26252915
47855631
97045227
56980969
26969590
65178961
29400990
68331971
40683696
81958241
69121418
26614992
59605152
63494951
95085071
55459885
72926821
27068801
75351432
97252241
80093988
32920055
24389920
49305428
23016191
63739609
88626442
25439873
30273935
17653499
65468656
46526850
55509130
52513883
93507819
72478721
107692844
12908810
30810693
38376541
84867052
89932111
54991534
34472205
43427063
40076605
79932091
106353884
57145406
45283523
93606126
27239395
68203578
107996047
66544824
81219770
61735656
45171267
96659643
82009591
52824766
52128299
18536442
98333897
94642183
102044262
60812618
92335028
104953073
81623311
20711569
79820125
61555422
65703103
104292331
94982486
95779709
74224422
91336370
42925115
109507946
74942496
60164511
67711525
72938543
16709335
38931295
24674200
51880603
25590938
96683792
94705369
67719238
105220234
83039266
52361421
97264496
33851884
34696450
92217569
105475196
45408019
62037695
57030619
101111123
56330027
42013105
86890832
20554450
23349475
19815948
20062396
88291972
69980459
77773921
51230516
76689795
106705216
65904716
18570398
22296154
52588509
103275768
80015393
47808744
76315035
22376814
35073240
100166920
47073265
17290810
95642116
82481285
69328506
42672735
73592408
15658533
74685840
50483241
26212984
88035316
60299189
36275380
66327288
20279649
104049301
107557805
86969445
100754517
63462522
95539843
13050672
106051031
88815612
83066065
43859775
55130647
95442880
68933016
45297568
32516145
76223827
30939684
104997430
35552334
63612420
68589839
41210867
28298260
109073081
57423852
106333576
59372270
83699232
62660865
69651920
77748533
60218671
46621365
68503050
13681193
32161209
71553722
109732225
10976821
44619788
43592000
56107469
30062668
102525017
91405037
52578813
68748844
12344721
47576244
94301178
65957141
106166083
25512046
84255402
105239164
72935898
80588979
54611435
46635130
33249844
14263356
14383664
83468516
50884721
72886715
87149709
73045930
34440438
86881934
74022751
69060226
20473935
20130220
89122894
12998952
101535257
31701707
71747797
103879979
69277952
56048976
59837121
65444036
71561023
34092523
60683201
34496922
104681502
105294636
71132053
27931347
109557993
75515717
101399863
50442714
38402432
78549573
13488645
62842871
55431507
77511396
21903097
65905442
87641617
101025991
68904395
79176875
22727699
30652193
73056854
82005651
76701169
22893975
37449688
38262192
46986499
88132889
62759114
41668001
83427526
23891167
59599349
82985519
89406885
50999212
23428233
17809318
19548786
26916878
70652189
64980293
94428275
82555286
20885736
72069893
73581278
79790132
41246768
86308978
100442325
104303623
58314629
67143495
17197599
85764318
95405688
54184099
63897207
48164803
85852100
37324733
62055971
35451450
10310252
41462856
76450663
23738485
49272174
85999449
40655364
109924364
40979743
25083639
82479650
51865479
87153533
46060929
21655612
18400301
22369907
12097937
12703925
70684537
69241432
19901525
46448855
54647121
64085624
100346062
92811924
39937725
27670795
44867895
65389175
27981048
76330752
31839838
41719534
15602926
107839288
72374898
15527291
38819031
87458538
88006942
80684510
64612071
24067871
92340122
73012373
36437778
94438060
75716299
97122315
53679493
85617824
33571170
98326614
39703449
23917233
81138538
69641174
41588028
16006434
25030350
59569076
82337186
46870189
91288610
87940113
44709477
53663509
93467404
73528508
31122048
71474346
44213019
85734119
85542217
26553142
48746493
11979996
10991202
14462793
99102311
54670695
90080618
22673482
42997310
19784067
36590715
14135849
79425242
68178744
20142283
94455592
17747821
92479469
31325782
99036431
70419582
66035259
42699941
53886986
29563767
63821989
15361332
63776787
39556109
90903550
80329929
78302603
92883546
81321131
82765396
81985858
25991827
62846014
94659341
58989137
72630082
21250056
63124986
42055324
79428800
73267270
26510917
87176621
55746739
47836699
76213053
16166321
103871958
108912995
60053308
23435726
62734984
65414641
77212513
92291094
46318192
47542443
60593697
29201738
18863574
33359094
101187597
34855402
86205108
85846938
83844540
48835190
97096995
36969527
80890515
66525795
100236797
97401433
43702417
45983536
35238132
109915471
52149858
29110091
108828466
102203166
42545818
61563451
57617808
109758332
43854545
93936000
47300775
94448243
13137739
56164349
17807337
104325336
81019751
94012446
80172275
54864292
32847637
67269270
81833819
103738152
23795066
72070616
91139585
57497483
108054153
16377718
57412955
50204011
35487809
56241421
42407178
68033628
107804873
90024986
67791960
41659419
73960987
105092735
26107662
77098726
51257085
33915000
71424063
22276837
17927446
41596338
67141129
40775084
98865608
38974948
34513236
12660674
101045564
15652822
60158158
99099717
22030541
107571113
39303728
47518351
53812535
71710907
105551979
51617409
51735894
63343939
83276828
15696881
58436674
99384491
82795607
99693759
23299491
44219670
11970596
31226938
75816008
69111726
62002022
64681617
98086674
86515259
67342291
89132238
92168082
17500450
78231956
104198623
15071564
107535685
41716974
58884099
69246592
37268954
100501509
10982486
90612893
73778337
16679367
39049568
63162828
89474975
28743328
76462320
23694645
30713925
97689258
89510654
89825651
49691281
44192271
77912325
26206540
101534563
57044564
108374622
109035014
25276520
102573246
14106578
22812205
34290221
62990678
82058797
61559175
53492187
83041284
42172069
17270525
89720652
71221638
70433354
69195627
89964966
36895675
82890273
10678892
24584933
62400927
90504544
64276215
96593199
58416870
80482755
88127763
105461434
78857378
87162777
20737955
71430624
91269356
33550160
95720846
44260035
105608958
47280021
87752222
78650242
79452090
95022748
58370894
40673729
55456102
17566522
20638695
82351777
90456795
21317588
96936711
42857722
101822132
51212927
29450922
50239002
21695682
107578686
45700437
90553061
84741464
56438392
51983686
66010820
79988553
37704532
100270855
75597511
74984554
78023078
44247754
44436644
63045827
92618649
75110373
108501930
100185171
85749069
80853707
80641967
97066658
67790419
13499690
88888791
109003346
32950612
29127793
20699029
30529299
64828231
101252091
105270763
11266624
43235777
61281583
81255177
70940309
51552439
46852689
35924863
19575518
81100444
70361508
72621345
63719094
35471882
71123275
53904266
11220952
41976983
24546233
98287610
99767403
28045923
77176401
98770750
50996536
96304195
109469779
71525835
51132427
100721870
66796598
52399051
33957647
18078182
23654229
94897957
59630622
60506918
20822821
69206140
31607363
81184330
31827486
85326457
106656212
92950762
29230723
107877165
24927745
43776956
96164776
14695149
61822879
63341178
103465899
102819416
49645373
102935678
64345251
90777801
93657549
21141849
33176852
17615197
29220031
46831082
102513154
78850653
97338000
13335976
38056794
18945364
84520306
59884280
94271821
81176519
42835042
13502544
79053684
57762788
47279501
65218460
62457937
99102381
18559639
55923836
91921797
58205013
48859515
46267048
38982814
32517064
57408898
62159667
40132261
76628930
98990749
32645416
45479583
86328750
35981392
73536378
95274114
10501699
23420658
79545936
81678218
56255701
83048481
50731903
104018490
20327982
105950364
56476427
109430364
14510003
102400264
91352162
62715016
41259779
27619211
91697830
63776843
75028109
43857497
93909105
41657039
32848247
16554521
77136623
109176997
42535914
40673002
94451112
43037613
54093661
63997048
14715831
100349362
37045529
55447734
94367853
47373512
51398099
40844281
46803876
55908102
33244545
28156039
108623118
64504325
45775250
90320948
18281169
10803359
24178446
102190274
42460399
47026694
108744796
109597023
46203691
41280710
40270025
30654804
74318324
84363686
84651852
79034156
74713049
11697382
24481891
59080902
49070894
65879990
89925183
85874771
11788092
13169729
104030810
10411210
67674054
39806060
90732159
75955223
40609420
104910606
68145498
73069820
41937300
66890294
72666844
78140992
98171005
102936869
98795796
62489329
77300556
73447649
31523486
42013605
75145031
46005377
91094508
14215926
101885367
71019692
90090697
103673460
74189421
84121508
104084671
31863475
13927569
84816830
97818699
44536989
79727437
55964197
107606810
11664738
12854492
70273654
79805730
101025497
63210524
68601527
53514827
30511080
32049176
75038313
62524686
97194208
11043691
43619194
101410134
102929059
104638886
81500832
96602519
68828307
55622340
90687190
90691783
59549909
65504021
78510483
94086899
35231458
24474680
91693709
36896197
27329173
51967364
106701927
18354670
105177888
65303455
61869498
25688968
87352632
26907812
78213655
74546840
27951503
11832849
65956975
20880562
106471736
37457807
107483082
65300044
83080147
88170272
45991827
32630056
43674293
14502311
16716956
68905752
28976992
98410665
95801949
46306165
40378030
92503877
54660836
35555918
47807333
106530334
51244887
25159965
23438147
19458542
89706806
41389650
21291392
45663781
52270213
17763128
73121588
49753295
73063172
46201736
27923568
109055000
68831793
61597862
13557311
75548749
20503614
32534304
63959415
106305564
68840469
94337445
88809442
13501305
19893364
26616775
10031640
61138251
41776741
23469787
70596794
21483548
54859438
81888187
57147329
97129652
89651316
20268918
36882947
52714488
56470654
54806515
51769489
15302447
106404377
55326801
80851197
16907992
77861105
34810612
13213557
36701574
19148057
92022999
40202880
29041421
108639775
40234521
80179673
40416516
53704309
40776468
51900065
98563747
12664655
99047394
85693399
92315971
109316313
12576347
35030460
55786968
57382863
76799950
61089416
53787241
22126751
31940613
60695233
89987857
56751225
63908790
16689431
65899283
45931790
46892312
84940704
44571565
77126833
55120378
74988082
20831142
85896846
16888147
109394890
88561502
105935542
85088290
70877474
105251856
87664637
95907934
51038824
35047501
62707884
102128240
78834742
74834636
24068854
29529976
54822493
70820079
83438767
61511925
26719362
19370557
98404237
101660067
53942123
65531071
46780445
18930206
76362213
22677292
25818354
75757104
101238794
21753896
50845394
62116268
17005752
28510032
48024203
58044577
53557533
100732088
50172818
22392276
65566724
64241672
41922252
10389218
25061752
15361019
61901143
41781115
24731576
50305381
33441182
68673700
105836452
70221628
77603906
72198666
82898920
93422260
37955770
74137714
105176157
78801164
26253983
12181910
97311197
64278187
60226487
40868731
55010275
100399305
53261007
10577000
54640978
85183259
10966218
69702730
90544279
62867361
101483845
105275856
103172743
24925027
63949556
99009195
85146656
31553462
61207861
58045576
14975723
89163632
22183291
10151880
57964797
38437275
12333790
45275994
92715462
62560277
76144725
37725737
52959583
19405732
38302737
97600561
94588992
39268955
57303292
75133271
92136317
48787137
70409127
85309060
63712165
24358683
74318256
38858821
45912146
25526118
86904398
50887869
104689750
99087689
51039750
52654548
27524964
53373540
87930542
10240426
105933818
54075268
37966164
48893401
63481001
66268901
36493963
48069993
95537857
83797255
13203265
77674175
22584392
73612393
52983236
76296558
87971077
17301492
105155380
23883223
32827611
82059778
64771093
27517361
71147467
105810843
70171910
88672432
49184384
48102452
88912859
45118202
92177721
16879023
84011604
45658722
73147924
10505567
83728716
58685782
84302823
86931982
26359957
96887216
50544375
69343193
63183774
28515452
76644686
58339154
42398676
99472298
30398932
97169770
16989659
91546400
92980614
77161570
70218833
32164998
15264022
49131692
67283201
97441743
56010715
41294805
33100466
19158640
41800373
106829182
67844422
16103196
83761164
84204380
102990413
24305539
43547574
56174188
42820992
10192260
104513343
75219668
99664558
24912276
62389439
106654218
106458676
45370053
73815788
66677509
67535051
79079811
105809201
24818252
66521555
51819917
56113058
89622021
60978557
87913432
86451203
18822979
94016629
60212367
93027359
87007042
74517907
26574933
33181230
107338899
26767194
27694573
72558568
16431753
42606849
24948007
13085971
39065526
60318060
76901760
95743036
17853112
45981571
91552238
32671365
102503127
33372155
78784424
82125148
84350712
56697856
58576351
93173691
40714485
108788719
76201051
17721527
73306626
92775985
40902758
70645526
109543179
58597332
33204095
15974932
91204181
48152102
19060904
20269708
98470163
85962665
106012744
106323276
21944236
87564982
28994641
14447363
10937137
97779066
86572512
85287850
44476922
35148863
68461541
75191407
33937582
34662593
82912935
97244209
17438578
13815693
57889736
16981757
62413026
81093831
22956689
43617208
19245934
32017594
53886916
107716097
107980259
49899661
104039374
19924496
27464643
23034016
24371860
28401781
10813082
100944372
103689631
45290004
26093235
62151173
10481412
50030818
86813766
83394347
37275028
94252344
87210041
85164764
101234101
39623067
56258595
14190791
73240275
65504529
36208386
17127192
63220627
34188645
57026853
57260001
44113141
74491497
70294017
58485001
92893278
71107100
49429374
86582910
106397104
65522609
38734083
106878516
105553428
15547849
80272864
32828456
99800194
57482905
107993221
91034296
87105973
54251816
95225087
50346248
109756346
21433474
57473440
62976974
45622119
104500293
10236976
79735261
68991790
70530994
28220263
51885069
31638094
67649637
28467979
28035198
23172246
57202063
24913715
18725675
62749912
95186579
41554131
52550106
42669485
39547353
33584402
19775458
83799170
18809490
60121706
83555516
30242964
107595147
36532491
65865084
102095441
36769468
35600345
61087232
97300462
53820608
102972302
18938556
11470246
21440281
36973755
24642493
68642344
51887471
33368168
21392257
37074050
64922300
63942364
69743535
94469653
87526767
79518993
68268823
96336258
29640700
41824340
16579222
27235848
68356832
72444307
19331290
95126300
98044653
70418522
82426762
41865261
63390824
91365319
43335508
74831106
18339075
57978001
33473451
60226546
81346169
44865708
87300597
36268470
98808072
47044132
20738123
76334840
16563126
79006947
62671098
36203827
10831287
69250320
53439676
69188119
31694628
62770966
54314419
19739281
23189488
26741182
51604543
76580313
108106502
84940051
41411420
16445577
32918052
64884871
66672124
104264222
99750580
43972721
30532692
88558653
81016854
41270815
54893493
87579981
10277762
107564591
13783809
11109050
66814912
57223485
70297169
88509540
109994451
14611589
98248821
23183940
31352771
39853365
89764254
29459274
14793416
21175674
35904852
37711468
76060546
92576976
31975690
65811126
26549698
52508382
44369779
97566552
83779198
89263273
75146534
84056960
86827864
78930343
85166010
43642777
26153828
45463180
22152317
26148280
50074769
10401139
39332220
71427541
40254504
19096475
90886816
45047921
30272150
16791668
72759389
96332696
99368644
94735080
52143823
15918343
37243462
86513603
103484895
11022660
65776876
68631430
85079621
42604741
37561773
60245632
76247518
53715602
95708813
88399836
69863882
35783583
88800976
99196103
97211125
19055481
108292578
78097941
54103402
28564728
84889609
16862791
14897425
74258254
101597871
57041248
80176597
28841334
33554851
73661493
29863995
89331728
32292923
104943617
21936469
59854697
55189250
88183988
103570299
40898063
66583824
63434181
66681646
45384800
52630285
53892772
54440281
50922863
21990713
98543683
69487592
96880323
105406475
74385018
61138577
97004347
21426266
31315175
15845681
44981118
94976668
35709677
24312846
17269592
30653294
36249316
67124289
75842544
14433304
60694588
106740608
71017128
14128770
63422254
106401929
56759055
107315027
50842211
97681919
19305740
39385895
57169512
106186063
34792370
21554530
57324641
21796717
32980797
78639817
27642399
67961915
63616486
53352076
82274762
70886078
74005371
108524079
28010368
39847915
12957383
78704957
36588523
73974512
82833727
90010778
70376442
29592783
87325805
11218653
17274703
96631546
40604548
