104517360
52197990
10218849
71269689
18918242
30859594
106867702
101305462
84241136
23932862
106139051
72306493
55952610
90183649
63200471
64988827
96631768
32804313
49929351
32691080
107265690
26875277
54912967
108836736
54584237
30015765
43291917
71752534
66761516
28048692
49990096
61278877
70246683
50208945
22548566
79164925
71068540
19416269
70470387
45309676
33349132
66609439
107616170
79301743
46793089
60816642
34290570
33424857
83620955
74219922
56115937
80886646
91095200
101028905
79723382
35679437
21044671
13015300
97431972
77806188
31063993
37422068
29085065
91310676
77631014
41633632
60475602
38699554
51049902
20945989
74009231
74399035
77555429
71625401
43700778
14348518
22442043
67991348
37773376
96062999
32211271
83889314
66949646
13306471
74918220
36673028
38985909
85962891
39688329
26417881
53769079
60752322
53839949
72854145
42062999
21470963
104487777
92538601
50170518
45537680
103484591
14179750
109936715
71040021
75805151
43637493
75388540
88247195
101628842
103161916
74310195
23840113
77051231
31259841
27146584
41969452
57932870
56132494
17932343
87621199
72550375
61701423
38373521
16390324
24555568
70436520
27861288
19043346
52975122
68031807
54581026
46459713
72211557
54517742
107499734
38016709
88155235
72888274
16263904
79784077
66050191
80574100
93624191
33101423
101833941
10770776
65070875
49766811
56903270
73003219
27388010
19453645
24704642
55761532
25843970
39260211
16198053
43705259
48303558
59173175
101737067
92884585
95632889
63948625
37402326
93132623
91965334
15557562
56020898
98229239
85341640
12071089
68803339
68965831
35172512
60637281
69736608
90243388
100404092
16639878
53246607
17792102
26093523
67951249
63553635
41937494
97211461
69751688
75642754
35515019
18924864
67379821
18399604
104557753
21328446
45801931
87690377
103293781
51359494
33711275
91523020
26701134
35782365
50326360
85666966
60954878
100963641
45403574
41198266
91367733
52043452
84444873
99159836
68136976
42396123
52713471
100074471
29607585
12465160
65717225
55122605
21390024
23097047
63522209
15947777
34425493
99324141
93638154
27719274
40683635
17349429
109242295
57384770
43131795
49568655
33051736
94086673
40532296
68455311
25284939
21900030
10498764
99729813
11059866
68635741
32125937
53773337
58710212
51733522
56238498
14427438
96856127
67628522
27524485
50378337
73576299
51949979
39702479
57214453
69669254
70386115
64563883
68911549
17770885
97695678
108480204
40822622
81782352
39012501
99277933
97067292
50912531
99776698
86797105
51972397
58412439
108923043
95745736
107122651
50656565
41984234
11550089
37512693
99612756
29074575
77891030
63189055
71024554
107593509
10403509
30693808
67979624
64967393
89605358
75750510
52663072
88085563
106573133
24445424
17098064
95851066
11512716
58010596
85627765
88309822
99982994
34040204
87232865
85728730
31162855
27889431
17712964
32712945
55402124
107325720
51787521
23293155
60514776
12812075
20886665
60918286
33505884
78866290
15885679
13111243
44616800
58548751
91196806
41189933
72994175
98294871
27041000
74506892
46305467
102668765
52816714
36288461
26708969
30049580
12017191
47871825
47939011
19730156
70584771
93341136
17055876
12372292
106634292
67570653
15184368
17520957
18488939
38690253
86387248
24374618
41801496
21004049
72923370
22998302
52193983
35917546
11293173
69234983
100424438
47598641
61903749
43241153
73887102
78612719
63290733
75904294
16484545
101229745
85634451
77069316
84570881
92690328
79441609
81205173
50260981
84625977
88726131
58749920
13316231
65113379
73124539
45117727
76117428
36047910
58116030
18311411
61965456
59409204
77546395
52389895
97007845
29450145
85631049
60894948
98062864
38921783
26799242
104547409
30151529
102433694
71616726
104722411
85124022
41058335
75927585
25385003
15684313
54653716
74134924
19000545
109767096
37259464
54118272
75884524
63307375
102234303
84195936
15272832
51643507
51742332
57662727
38651352
71192477
33293777
89546300
59255341
62215561
106345543
53802751
82367090
98779238
15419478
77089501
73903260
46477814
43017086
89288264
52162127
87670803
53423189
61162673
87437899
80682653
105280945
53322424
33990028
97515249
27518361
39262860
39158756
69260693
86925588
67810109
30453170
10219366
47356409
79708512
62434927
43701953
23511264
34802017
32481191
28930742
101891519
96384451
65408556
34908606
75672716
107570684
12579409
19095905
58733357
90017309
89778558
54014303
33339734
13768587
41529552
50858095
43031448
70688309
10118789
19957036
28498418
30571960
20176403
65854828
100280472
72611330
99556782
13791737
97413348
22037973
32722479
89304867
108422425
88131036
14213474
74095141
85701721
16792883
83191047
34435078
96810193
62969605
78449382
20149927
