104517360
52197990
10218849
71269689
18918242
30859594
106867702
101305462
84241136
23932862
106139051
72306493
55952610
90183649
63200471
64988827
96631768
32804313
49929351
32691080
107265690
26875277
54912967
108836736
54584237
30015765
43291917
71752534
66761516
28048692
49990096
61278877
70246683
50208945
22548566
79164925
71068540
19416269
70470387
45309676
33349132
66609439
107616170
79301743
46793089
60816642
34290570
33424857
83620955
74219922
56115937
80886646
91095200
101028905
79723382
35679437
21044671
13015300
97431972
77806188
31063993
37422068
29085065
91310676
77631014
41633632
60475602
38699554
51049902
20945989
74009231
74399035
77555429
71625401
43700778
14348518
22442043
67991348
37773376
96062999
32211271
83889314
66949646
13306471
74918220
36673028
38985909
85962891
39688329
26417881
53769079
60752322
53839949
72854145
42062999
21470963
104487777
92538601
50170518
45537680
103484591
14179750
109936715
71040021
75805151
43637493
75388540
88247195
101628842
103161916
74310195
23840113
77051231
31259841
27146584
41969452
57932870
56132494
17932343
87621199
72550375
61701423
38373521
16390324
24555568
70436520
27861288
19043346
52975122
68031807
54581026
46459713
72211557
54517742
107499734
38016709
88155235
72888274
16263904
79784077
66050191
80574100
93624191
33101423
101833941
10770776
65070875
49766811
56903270
73003219
27388010
19453645
24704642
55761532
25843970
39260211
16198053
43705259
48303558
59173175
101737067
92884585
95632889
63948625
37402326
93132623
91965334
15557562
56020898
98229239
85341640
12071089
68803339
68965831
35172512
60637281
69736608
90243388
100404092
16639878
53246607
17792102
26093523
67951249
63553635
41937494
97211461
69751688
75642754
35515019
18924864
67379821
18399604
104557753
21328446
45801931
87690377
103293781
51359494
33711275
91523020
26701134
35782365
50326360
85666966
60954878
100963641
45403574
41198266
91367733
52043452
84444873
99159836
68136976
42396123
52713471
100074471
29607585
12465160
65717225
55122605
21390024
23097047
63522209
15947777
34425493
99324141
93638154
27719274
40683635
17349429
109242295
57384770
43131795
49568655
33051736
94086673
40532296
68455311
25284939
21900030
10498764
99729813
11059866
68635741
32125937
53773337
58710212
51733522
56238498
14427438
96856127
67628522
27524485
50378337
73576299
51949979
39702479
57214453
69669254
70386115
64563883
68911549
17770885
97695678
108480204
40822622
81782352
39012501
99277933
97067292
50912531
99776698
86797105
51972397
58412439
108923043
95745736
107122651
50656565
41984234
11550089
37512693
99612756
29074575
77891030
63189055
71024554
107593509
10403509
30693808
67979624
64967393
89605358
75750510
52663072
88085563
106573133
24445424
17098064
95851066
11512716
58010596
85627765
88309822
99982994
34040204
87232865
85728730
31162855
27889431
17712964
32712945
55402124
107325720
51787521
23293155
60514776
12812075
20886665
60918286
33505884
78866290
15885679
13111243
44616800
58548751
91196806
41189933
72994175
98294871
27041000
74506892
46305467
102668765
52816714
36288461
26708969
30049580
12017191
47871825
47939011
19730156
70584771
93341136
17055876
12372292
106634292
67570653
15184368
17520957
18488939
38690253
86387248
24374618
41801496
21004049
72923370
22998302
52193983
35917546
11293173
69234983
100424438
47598641
61903749
43241153
73887102
78612719
63290733
75904294
16484545
101229745
85634451
77069316
84570881
92690328
79441609
81205173
50260981
84625977
88726131
58749920
13316231
65113379
73124539
45117727
76117428
36047910
58116030
18311411
61965456
59409204
77546395
52389895
97007845
29450145
85631049
60894948
98062864
38921783
26799242
104547409
30151529
102433694
71616726
104722411
85124022
41058335
75927585
25385003
15684313
54653716
74134924
19000545
109767096
37259464
54118272
75884524
63307375
102234303
84195936
15272832
51643507
51742332
57662727
38651352
71192477
33293777
89546300
59255341
62215561
106345543
53802751
82367090
98779238
15419478
77089501
73903260
46477814
43017086
89288264
52162127
87670803
53423189
61162673
87437899
80682653
105280945
53322424
33990028
97515249
27518361
39262860
39158756
69260693
86925588
67810109
30453170
10219366
47356409
79708512
62434927
43701953
23511264
34802017
32481191
28930742
101891519
96384451
65408556
34908606
75672716
107570684
12579409
19095905
58733357
90017309
89778558
54014303
33339734
13768587
41529552
50858095
43031448
70688309
10118789
19957036
28498418
30571960
20176403
65854828
100280472
72611330
99556782
13791737
97413348
22037973
32722479
89304867
108422425
88131036
14213474
74095141
85701721
16792883
83191047
34435078
96810193
62969605
78449382
20149927
66738193
109978935
61008023
99769641
70667245
61126812
109726678
89165663
81698772
19903081
45020492
71979245
82514412
34577274
75770982
69927760
46615248
98493461
49232628
45037673
76624498
53446102
109132815
52326219
60238986
82323862
76761298
47049179
35293468
45210681
57199107
92031661
45189616
108207130
81801303
105856862
59333942
81527982
85022525
31032714
91431063
20043018
93011959
63945476
44620292
58782942
23873237
81235540
47276403
63105865
16273214
13900902
106551968
15406029
56227121
56790954
87729892
22988419
93840134
13023361
58199100
41039241
95055022
93388717
39246371
66856326
89245579
88580314
38384308
64268105
109613028
19815372
74311123
92624988
73760848
108931416
41407931
87634085
80166956
78684334
40739951
86440171
82585236
37291919
91846200
28812358
84082874
69576093
41800777
67923008
72599454
89999878
98962250
57654477
73388595
28208621
14510803
52634174
106788935
42895112
106902280
106401964
52710484
71213403
89026953
16471332
70144819
20434884
94105417
40311776
89119219
24845369
16751947
61704456
52137288
98598148
80516814
26220162
58174241
12317592
84143171
20773696
92317470
73105421
68428173
55706065
91314042
72938977
98340240
88102978
105834089
95242521
84504942
48544573
56455924
63531896
55015906
16600744
73966780
39121324
46912520
53085999
53966693
53664468
104790456
96103981
42262616
75307270
12324144
90436858
77624862
86467315
101210554
59942333
49572736
59638728
105648398
30886779
22577705
93988639
108989757
18411794
79231160
83494700
56956368
25687085
37026596
101972274
32287829
100993377
31093598
69200350
44079376
75060292
12864818
38869832
61164273
45127434
104177103
63488418
25564292
71801966
39955733
16774847
21744299
79528470
66413575
17392698
100415249
78991280
101381337
99405007
87403075
70612498
72899707
34359444
86299583
99926303
26331718
108587413
90919680
47425317
67787763
24999057
12485609
70652582
53868890
63649883
105780017
48045994
17138301
21344309
109847960
47094035
28119156
21592259
16622505
84532732
28984957
107037754
53524012
20366295
96442762
30927088
80978793
59342469
55286532
57278377
49268773
71618251
55865790
30188454
109043568
13653554
45187512
11529178
74306137
89056402
65179062
70086154
27102397
72317364
81430464
26950357
109411399
99549621
38542617
16033904
74082353
57527575
13071659
17606365
67893870
99514421
38533453
38872664
48856891
83819986
86151042
88125665
45438237
32016833
108314119
44481806
35670388
43501631
46010984
99976525
22558034
101190047
60062679
39660431
63507411
31493143
56610789
62918811
21042765
85153406
68952716
85125118
32680982
72024375
92731484
90574853
61538797
21264938
19447517
100395689
95084924
95598560
78521354
30523161
17615393
76835473
65004967
43285781
10337105
101015952
33262307
22895139
92205999
83324987
52555571
45713411
104818130
99166361
98632222
15860896
74319768
57584938
90986014
97000750
19609314
73717498
77575603
71148112
84982436
87023121
61543801
70067361
72621681
30065155
90590522
80237075
96900629
45595490
13522857
97237734
36611443
36785164
10132874
18817442
10110151
52688446
54530854
104928282
41854807
43163076
10789178
106174575
90748015
91775193
93175326
100357330
55492691
60750929
61505442
30475128
37774051
13049243
90542490
100395733
33114399
71133013
70632809
20015029
106728503
74155666
107252763
33339946
100940831
107385638
42157389
101050983
50074084
86688243
95979265
81928892
19851320
96768444
78103468
100599336
78543637
61278794
90956666
24036329
12029724
42462108
44511458
39803776
45511352
25053948
30199509
68625752
86186961
90832318
78640781
82915465
54987985
75893545
106255411
45928816
73279183
38412801
36979799
13353268
15101045
22959065
85282161
24952365
109727510
53385629
15551701
78271147
104664424
96508368
92307477
106694148
28970477
26818935
36497924
64481829
41872884
56697434
23107582
18059845
37529752
91748363
90975310
82517737
57641908
87230722
18446554
20921092
15643523
45426354
24274361
20744568
58385419
99556522
35696934
58112930
42942152
41248636
26384078
37606576
27757005
108691555
34300724
46727482
25510491
60798649
101209311
57383375
107496083
14316893
65443221
35025835
96065257
46418532
107543573
43707166
23649254
15990128
54628259
29292778
51416482
68902620
40037347
99801902
58459142
65734282
47914832
91401294
96982918
64298910
19007871
14739923
62990466
43308595
51467406
78500957
94107245
42676717
25884333
91603328
46993611
81327554
16629164
33058869
17746087
14172737
66766035
31395341
20162865
11394294
50688120
61579348
70296915
80725468
51381250
18756057
36459750
89296083
100157352
23442669
43594994
109165223
28182593
96585460
42473819
69649999
65086418
26581064
102326717
80970752
108184392
39320329
52298306
14813556
62379198
60044393
