104517360
52197990
10218849
71269689
18918242
30859594
106867702
101305462
84241136
23932862
106139051
72306493
55952610
90183649
63200471
64988827
96631768
32804313
49929351
32691080
107265690
26875277
54912967
108836736
54584237
30015765
43291917
71752534
66761516
28048692
49990096
61278877
70246683
50208945
22548566
79164925
71068540
19416269
70470387
45309676
33349132
66609439
107616170
79301743
46793089
60816642
34290570
33424857
83620955
74219922
56115937
80886646
91095200
101028905
79723382
35679437
21044671
13015300
97431972
77806188
31063993
37422068
29085065
91310676
